TSC 1,662,244 cycles/ms (1,662 MHz) over 188,851 ms of flips; snapshot interval 191,369 ms
bucket                calls         ms      us/call   % wall
D3dCalls             84,453     47,694        564.7     24.9
EngineDraw          157,039     46,456        295.8     24.3
Decode              156,658      1,017          6.5      0.5
RingWrite           158,546      3,443         21.7      1.8
HeadWait            158,546     25,892        163.3     13.5
CrumbWait           156,658        116          0.7      0.1
Flip                206,291        774          3.8      0.4
Lock                 94,260         67          0.7      0.0
BltCopy                   0          0          0.0      0.0
BltFill               3,015     34,309     11,379.5     17.9
CreateSurface       111,101         95          0.9      0.0
LockHeld             94,260     21,028        223.1     11.0

Head wait per batch, us (batches), rows = triangles, columns = pixels
tris                 <1K           1K-10K          10K-50K         50K-200K          200K-1M              1M+
1              7 (6,825)         32 (424)         157 (31)          723 (3)                -                -
2-3          11 (33,932)      44 (17,755)      197 (2,792)        706 (175)                -                -
4-7           14 (6,837)       57 (2,447)      230 (1,022)        870 (522)      5,403 (744)                -
8-15          14 (3,803)       71 (1,726)        223 (768)      1,252 (733)      2,273 (566)     10,814 (371)
16-31         13 (3,055)       92 (1,453)        283 (646)        922 (198)    5,575 (1,524)                -
32+          19 (60,060)       89 (5,823)      295 (1,661)      1,159 (440)      2,484 (322)                -
