TSC 1,662,243 cycles/ms (1,662 MHz) over 1,428,012 ms of flips; snapshot interval 925,209 ms
bucket                calls         ms      us/call   % wall
D3dCalls            101,807     96,828        951.1     10.5
EngineDraw          268,232     94,123        350.9     10.2
Decode              267,710      2,570          9.6      0.3
RingWrite           270,956      9,457         34.9      1.0
HeadWait            270,956     24,789         91.5      2.7
CrumbWait           267,710        196          0.7      0.0
Flip                807,922      2,707          3.4      0.3
Lock                 97,479         88          0.9      0.0
BltCopy                   0          0          0.0      0.0
BltFill               3,662     19,952      5,448.3      2.2
CreateSurface       117,209         89          0.8      0.0
LockHeld             97,479     22,111        226.8      2.4

Head wait per batch, us (batches), rows = triangles, columns = pixels
tris                 <1K           1K-10K          10K-50K         50K-200K          200K-1M              1M+
1             7 (11,979)         82 (231)         168 (14)                -                -                -
2-3          27 (46,158)     161 (13,289)        211 (852)         611 (40)                -                -
4-7           10 (9,206)       58 (2,823)        241 (854)        580 (326)    2,850 (1,016)                -
8-15          12 (5,438)       68 (2,117)        320 (597)    1,018 (1,301)      5,697 (508)                -
16-31         12 (3,990)       77 (1,837)      270 (2,262)         861 (96)    3,029 (1,506)                -
32+          21 (85,699)      45 (66,645)      195 (7,766)      995 (1,148)       2,264 (12)                -
