TSC 1,662,254 cycles/ms (1,662 MHz) over 286,110 ms of flips; snapshot interval 527,876 ms
bucket                calls         ms      us/call   % wall
D3dCalls            108,168     86,717        801.7     16.4
EngineDraw          334,621     83,278        248.9     15.8
Decode              334,176      2,706          8.1      0.5
RingWrite           337,153      9,773         29.0      1.9
HeadWait            337,153     35,240        104.5      6.7
CrumbWait           334,176        262          0.8      0.0
Flip                579,696      1,949          3.4      0.4
Lock                103,664         84          0.8      0.0
BltCopy                   0          0          0.0      0.0
BltFill               3,590     37,168     10,353.2      7.0
CreateSurface       118,213        115          1.0      0.0
LockHeld            103,664     24,503        236.4      4.6

Head wait per batch, us (batches), rows = triangles, columns = pixels
tris                 <1K           1K-10K          10K-50K         50K-200K          200K-1M              1M+
1             7 (11,162)         33 (425)         162 (30)          887 (2)                -                -
2-3          11 (34,899)      44 (17,518)      202 (2,740)        809 (181)                -                -
4-7           11 (6,889)       55 (2,492)      259 (1,041)        873 (509)      5,402 (724)                -
8-15         15 (10,135)       59 (1,725)        226 (808)      1,312 (705)      2,289 (556)     10,814 (361)
16-31         14 (7,857)       65 (5,899)        327 (658)      1,107 (194)    5,579 (1,530)                -
32+         19 (107,911)     43 (100,984)     272 (14,187)      790 (1,746)      2,564 (308)                -
