TSC 1,662,240 cycles/ms (1,662 MHz) over 399,005 ms of flips; snapshot interval 508,883 ms
bucket                calls         ms      us/call   % wall
D3dCalls             60,482    213,128      3,523.8     41.9
EngineDraw          207,680    210,999      1,016.0     41.5
Decode              207,460      2,282         11.0      0.4
RingWrite           209,265      8,362         40.0      1.6
HeadWait            209,265    184,217        880.3     36.2
CrumbWait           207,460        155          0.7      0.0
Flip                502,827      1,618          3.2      0.3
Lock                 65,941         58          0.9      0.0
BltCopy                   0          0          0.0      0.0
BltFill               3,120     31,407     10,066.3      6.2
CreateSurface        84,009         56          0.7      0.0
LockHeld             65,941     25,872        392.3      5.1

Head wait per batch, us (batches), rows = triangles, columns = pixels
tris                 <1K           1K-10K          10K-50K         50K-200K          200K-1M              1M+
1              5 (9,882)        248 (150)       1,934 (17)                -                -                -
2-3          54 (23,408)     412 (12,765)    2,219 (1,944)      8,214 (104)                -                -
4-7           32 (3,542)      413 (1,154)      2,435 (424)     10,233 (188)     67,185 (130)                -
8-15          71 (3,915)        405 (806)      2,293 (340)     12,572 (244)     22,796 (168)     129,669 (64)
16-31         64 (3,377)      484 (2,025)      2,740 (234)      11,400 (74)   67,445 (1,514)                -
32+          59 (92,821)     311 (42,563)    2,513 (4,935)      8,556 (576)      27,813 (96)                -
