TSC 1,662,231 cycles/ms (1,662 MHz) over 288,155 ms of flips; snapshot interval 339,162 ms
bucket                calls         ms      us/call   % wall
D3dCalls             90,484     90,990      1,005.6     26.8
EngineDraw          325,735     87,725        269.3     25.9
Decode              325,546      3,164          9.7      0.9
RingWrite           328,476     12,598         38.4      3.7
HeadWait            328,476     37,029        112.7     10.9
CrumbWait           325,546        232          0.7      0.1
Flip                632,308      2,135          3.4      0.6
Lock                 85,519         68          0.8      0.0
BltCopy                   0          0          0.0      0.0
BltFill               3,628     37,257     10,269.3     11.0
CreateSurface        87,929        452          5.1      0.1
LockHeld             85,519     24,123        282.1      7.1

Head wait per batch, us (batches), rows = triangles, columns = pixels
tris                 <1K           1K-10K          10K-50K         50K-200K          200K-1M              1M+
1             8 (15,856)         33 (528)         164 (36)          868 (5)                -                -
2-3          18 (36,161)      93 (17,859)      210 (2,933)        845 (207)                -                -
4-7           13 (6,943)       54 (2,571)      248 (1,047)        847 (534)      5,401 (744)                -
8-15          17 (8,846)       61 (1,807)        246 (800)      1,289 (765)      2,253 (603)     10,830 (370)
16-31         14 (7,627)       69 (5,692)        317 (700)        889 (234)    5,584 (1,524)                -
32+         22 (105,724)      46 (90,044)     279 (13,260)      816 (1,782)      2,761 (344)                -
