TSC 1,662,260 cycles/ms (1,662 MHz) over 364,700 ms of flips; snapshot interval 660,936 ms
bucket                calls         ms      us/call   % wall
D3dCalls             68,784    174,280      2,533.7     26.4
EngineDraw          242,558    171,749        708.1     26.0
Decode              242,299      1,911          7.9      0.3
RingWrite           244,366      7,087         29.0      1.1
HeadWait            244,366    141,631        579.6     21.4
CrumbWait           242,299        176          0.7      0.0
Flip                449,925      1,534          3.4      0.2
Lock                 70,646         64          0.9      0.0
BltCopy                   0          0          0.0      0.0
BltFill               3,218     32,570     10,121.2      4.9
CreateSurface        90,630         76          0.8      0.0
LockHeld             70,646     24,924        352.8      3.8

Head wait per batch, us (batches), rows = triangles, columns = pixels
tris                 <1K           1K-10K          10K-50K         50K-200K          200K-1M              1M+
1             5 (10,071)        199 (164)       1,668 (12)        5,534 (3)                -                -
2-3          28 (25,294)     214 (14,421)    1,315 (2,059)      6,392 (111)                -                -
4-7           24 (3,905)      320 (1,257)      1,991 (513)      8,365 (214)     48,174 (148)                -
8-15          46 (5,433)        321 (879)      1,839 (363)     10,927 (280)     22,720 (189)     129,098 (73)
16-31         40 (4,710)      264 (3,025)      2,070 (264)       7,911 (78)   48,590 (1,514)                -
32+          34 (93,633)     172 (65,327)    1,291 (7,427)      4,754 (822)     20,708 (110)                -
